530 484 6402 (0_1)
446 371 7400 (0_2)
830 126 9456 (0_3)
748 638 3390 (0_4)
449 926 6325 (0_5)
846 119 5258 (1_1)
326 806 0074 (1_2)
978 601 0261 (1_3)
722 104 6003 (1_4)
279 248 2178 (1_5)
889 263 7738 (2_1)
524 519 5411 (2_2)
153 216 1315 (2_3)
376 080 2643 (2_4)
672 898 8352 (2_5)
828 242 0012 (3_1)
357 302 6553 (3_2)
108 836 5158 (3_3)
423 696 2723 (3_4)
561 150 3959 (3_5)
650 172 4123 (4_1)
255 116 5884 (4_2)
595 547 3454 (4_3)
916 956 1963 (4_4)
385 557 6109 (4_5)
317 143 4514 (5_1)
237 099 3090 (5_2)
203 157 2498 (5_3)
181 621 7065 (5_4)
499 415 1934 (5_5)
