530 484 6402 (0_1)
846 119 5258 (1_1)
889 263 7738 (2_1)
828 242 12 (3_1)
650 172 4123 (4_1)
317 143 4514 (5_1)
446 371 7400 (0_2)
326 806 74 (1_2)
524 519 5411 (2_2)
357 302 6553 (3_2)
255 116 5884 (4_2)
237 99 3090 (5_2)
830 126 9456 (0_3)
978 601 261 (1_3)
153 216 1315 (2_3)
108 836 5158 (3_3)
595 547 3454 (4_3)
203 157 2498 (5_3)
748 638 3390 (0_4)
722 104 6003 (1_4)
376 80 2643 (2_4)
423 696 2723 (3_4)
916 956 1963 (4_4)
181 621 7065 (5_4)
449 926 6325 (0_5)
279 248 2178 (1_5)
672 898 8352 (2_5)
561 150 3959 (3_5)
385 557 6109 (4_5)
499 415 1934 (5_5)
